3 0 0 1 1 1 0 0
5 0 2 1 3 3 2 2
12 2 3 1 4 2 1 1
18 4 4 1 5 1 0 0
22 5 5 1 6 1 0 0
25 5 6 1 7 2 1 1
35 7 7 1 8 1 0 0
29 6 8 2 10 4 2 2
31 7 10 2 12 5 3 3
32 7 12 2 14 7 5 5
33 7 14 2 16 9 7 7
51 12 16 1 17 5 4 4
55 13 17 1 18 5 4 4
43 9 18 2 20 11 9 9
64 15 20 1 21 6 5 5
66 15 21 1 22 7 6 6
67 15 22 1 23 8 7 7
71 16 23 1 24 8 7 7
73 17 24 1 25 8 7 7
74 17 25 1 26 9 8 8
80 19 26 1 27 8 7 7
70 16 27 1 28 12 11 11
89 21 28 1 29 8 7 7
90 21 29 1 30 9 8 8
96 22 30 1 31 9 8 8
103 24 31 1 32 8 7 7
108 25 32 1 33 8 7 7
109 25 33 1 34 9 8 8
110 26 34 1 35 9 8 8
124 29 35 1 36 7 6 6
125 30 36 1 37 7 6 6
127 30 37 1 38 8 7 7
130 30 38 1 39 9 8 8
134 31 39 1 40 9 8 8
139 33 40 1 41 8 7 7
144 35 41 1 42 7 6 6
145 35 42 1 43 8 7 7
150 36 43 1 44 8 7 7
157 38 44 1 45 7 6 6
159 38 45 1 46 8 7 7
116 27 46 1 47 20 19 19
119 28 47 1 48 20 19 19
122 28 48 1 49 21 20 20
123 29 49 1 50 21 20 20
